a 0.005859 -0.527567 0.367421 0.873504 0.270635 -0.24753 -0.083212 0.209421 0.179754 -0.139308 0.014477 -0.035231 -0.291086 -0.679457 -0.603044 0.670003 -0.092482 -0.349339 0.068822 0.102415 -0.731 0.310248 -0.071382 0.460049 0.042592 -0.720642 0.120127 0.139089 0.53592 0.29217
0 0.262389 0.878866 -0.220885 0.053572 0.279502 0.532345 -0.193148 0.067975 -0.056293 0.28841 -0.289986 0.365866 -0.168184 0.377639 0.355504 -0.272504 0.045211 -0.055859 -0.074717 0.037118 0.398587 -0.217943 -0.144814 -0.390245 -0.335683 -0.290701 0.371042 0.083717 -0.058341 -0.336053
y -0.312532 -0.82656 1.199511 0.148708 0.422146 -0.425488 0.061861 0.435961 -0.515042 0.574484 -0.494466 -0.277052 -0.06827 0.045679 -0.400984 -0.477243 0.42571 0.259928 -0.274227 0.250813 0.166709 0.439587 -0.762471 0.04839 -0.402852 0.245318 0.05449 -0.283554 0.22506 -0.452768
u -0.431979 -0.793597 -0.749837 0.728274 0.335085 0.384627 0.353957 -0.05666 0.596738 -0.500944 -0.569195 -1.215235 0.504541 0.150206 0.325877 -0.392724 0.445532 -0.397218 -0.497591 0.008906 -0.595306 -0.505004 0.353643 -0.318281 0.559232 -0.78734 0.045228 0.42525 0.114399 0.009896
4 -0.563716 -0.162947 -0.154452 -0.158578 0.172249 -0.245722 -0.278733 -0.104032 0.098808 -0.287766 0.136389 -0.074273 -0.061901 -0.123793 -0.113342 -0.107949 -0.014703 -0.096934 -0.015011 0.025798 0.188275 0.03635 0.291781 -0.250772 0.078526 0.334979 -0.112599 0.315716 -0.072448 -0.109987
5 -0.34191 -0.434619 -0.110965 -0.501392 0.309483 -0.330245 -0.138816 -0.227583 -0.338678 -0.120602 -0.169301 0.191438 0.11756 -0.308879 -0.387868 0.103557 -0.456458 0.319025 0.106171 -0.170959 -0.020869 0.161933 0.094647 -0.157192 0.248794 -0.057565 -0.152415 -0.138748 -0.014581 -0.131117
s 0.457377 -0.112979 0.854139 -0.006505 -0.429077 0.0421 0.495887 -0.43705 -0.299268 -0.278848 -0.480926 -0.433909 0.19811 -0.339321 -0.062245 -0.176832 -0.97446 -0.393032 -0.734448 0.303464 -0.447396 -0.781043 0.549876 0.000543 -0.181035 0.222968 -0.029785 -0.478914 -0.370659 -0.129446
b -0.328286 -0.37459 -0.689022 -0.841601 -0.228707 0.092171 0.741413 -0.30007 1.431628 -1.215801 0.61706 -0.251689 -0.489921 -0.327862 0.087273 0.375292 -0.14206 0.875977 -0.648429 -0.203912 -0.290361 0.008696 0.53846 -0.17506 -0.631007 0.100181 0.290692 0.39125 0.671148 -0.353923
g -0.103137 -0.183417 0.44997 0.306353 0.195295 0.731119 0.276241 -0.512799 0.779297 0.173049 -0.734129 0.182492 1.032422 0.172382 -0.345449 0.788971 0.112098 -0.535679 -0.326892 -0.591922 0.03721 -0.173872 0.15119 0.854055 -0.354309 0.438547 -0.428127 -0.592315 0.31996 -0.022149
x 0.257131 -0.297367 -0.099986 -1.161602 -1.271761 -0.294074 1.512078 0.255339 -0.279743 -0.380562 0.333035 -0.165213 0.312207 -0.864884 0.531929 -0.514608 0.325471 -0.002645 -0.368394 0.686851 -0.088648 0.470363 -0.006962 0.851808 0.032227 -0.515835 0.100521 0.18445 0.068331 0.064674
  0.404856 -0.853708 0.205756 0.578145 0.471897 -0.213091 -1.132875 0.540508 -0.892875 -0.446198 -0.190983 0.523881 0.260015 -0.184172 0.625507 0.410312 -0.131076 -0.328645 0.134611 -0.281844 0.567296 -0.098774 0.069403 -0.587623 -0.308131 0.202231 0.371717 0.272264 0.017336 -0.457601
v -1.060881 -0.968054 -0.04241 0.083561 -0.292138 0.947325 -0.232197 1.131669 0.615897 -0.041872 0.843355 -0.08656 0.684681 0.87101 -0.729085 -0.225981 0.642891 0.369538 0.561623 -0.208339 0.034847 -0.194685 0.158999 0.02998 0.045937 -0.178844 0.379219 -0.00047 -0.410938 -0.086852
8 0.104577 0.218469 -0.421605 -0.480274 -0.060231 0.304307 0.199365 -0.088883 0.403166 0.190456 -0.336854 -0.12529 0.548021 0.254933 0.115143 -0.265336 -0.231455 -0.041608 -0.308622 0.027783 -0.008536 0.005641 0.127012 -0.11696 -0.386258 0.067234 0.097658 -0.01268 0.015763 -0.177143
q 1.500846 0.923213 0.761781 0.606361 -1.321502 -0.124781 -0.616677 1.133744 -0.129226 0.439409 0.148635 -0.187383 0.006171 0.32907 -0.233451 0.605561 0.015535 0.11561 -0.135726 -0.277986 -0.551973 0.038403 -0.333538 -0.075972 0.363411 -0.42625 0.08346 0.391884 0.181148 0.005223
r -0.349466 0.284561 0.449702 0.004477 -0.169499 0.048467 -0.527521 0.151826 0.193905 -0.441329 0.40547 -0.078907 0.06774 0.619129 0.349334 0.480943 -0.671142 -0.634324 0.634512 -0.09287 0.401969 -0.131135 0.253382 0.522641 0.145279 0.129872 0.627093 -0.550158 0.024837 0.167963
9 -0.083624 0.29026 -0.578852 -1.006591 0.605369 0.612721 -0.460636 0.072024 -0.074267 -0.345838 0.122658 -0.121923 0.136606 -0.279754 -0.275421 0.106873 0.042188 -0.248153 -0.260005 -0.070933 -0.074279 0.087671 0.24378 -0.112443 -0.240616 -0.193729 0.133208 0.123922 0.184005 -0.002155
n -0.111199 -0.33139 0.515639 0.103223 -0.262372 -0.213334 -0.299486 0.386023 -0.227982 0.073891 0.64793 -0.089243 0.02099 0.422726 0.195966 0.632435 -0.380927 -0.335525 -0.517877 0.842174 -0.410065 1.211841 0.493867 -0.172173 -0.340499 0.162743 -0.270734 0.033808 -0.559206 -0.233864
z -0.774401 -0.516488 0.149155 -0.516212 0.032323 -0.96105 -0.929881 -0.109946 1.463961 0.034857 0.159893 -0.284297 -0.235889 -0.19996 -0.649231 0.296014 0.087488 0.386391 -0.617565 0.017506 0.418518 0.609778 -0.00997 -0.521645 -0.23246 0.176568 -0.180516 0.026612 0.751101 0.27935
j -0.936499 -0.22645 0.036888 -1.078544 0.170637 0.720511 0.123431 -0.354193 0.026641 0.054372 -0.279584 0.39591 0.177128 0.279404 -1.051472 0.875341 -0.117819 0.344524 -0.04794 -0.050105 0.009088 -1.044407 -0.084091 -0.207089 0.071697 0.432072 0.068059 -0.044992 0.000443 0.257012
k -0.819579 -0.71858 0.352353 0.255918 -0.401944 0.499743 0.221225 -0.093348 -0.184877 1.091246 -0.644403 -0.194024 0.891006 0.184979 -0.146353 0.157545 0.523932 0.482344 -0.369292 -0.389401 -0.51486 -0.24914 0.26734 -0.143465 0.915688 0.008752 -0.32538 -0.219399 -0.493943 0.148006
1 -0.351936 -0.048341 -0.644711 0.860058 0.525888 0.205639 0.323678 -0.269836 -0.290658 1.069933 0.013154 0.109119 -0.179856 -0.034791 -0.136028 0.095713 0.215061 -0.045208 -0.2176 -0.180636 0.16894 -0.102 -0.078624 -0.153728 -0.16179 -0.085571 0.147307 0.341883 -0.409278 -0.23755
6 -0.616939 -0.099539 -0.583533 -0.551868 0.350364 -0.121797 0.246287 -0.08752 0.06344 -0.612656 -0.061083 0.259873 -0.076188 -0.414024 -0.175171 -0.301188 -0.371244 0.173609 0.221462 -0.193621 -0.339322 0.091539 0.160856 0.311818 0.133029 0.047482 -0.107383 0.141685 -0.093367 -0.248099
h -0.298734 -0.190583 0.807025 0.063873 -0.346854 0.035418 0.156286 0.27332 0.633866 -0.039203 -0.530291 1.010144 0.429807 0.100322 0.133236 -0.180138 0.203715 -0.382205 -0.550591 0.161521 0.946068 0.298898 0.075916 0.392619 -0.429949 0.062933 -0.191945 -0.072731 -0.345391 -0.241397
i -0.373133 0.169878 0.598149 0.880513 0.629987 -0.702618 0.075496 -0.138126 0.692934 0.007579 0.152287 -0.353747 -0.573926 0.440683 -0.472472 0.049235 -0.565445 0.415749 -0.101601 -0.064743 -0.077634 -0.253129 0.268812 -0.334117 0.216037 0.492034 0.58774 0.295279 -0.225776 -0.285553
p -0.194221 -0.098193 0.857882 -0.921364 0.393777 0.225743 0.819198 0.226562 -0.447031 -0.079294 -0.437719 -0.409069 -0.451749 0.733063 -0.156558 -0.335369 0.046656 -0.134188 0.247237 0.859477 -0.259396 -0.293173 -0.307914 0.074635 -0.164104 0.514016 -0.080896 -0.101374 0.260746 -0.310176
w -0.97864 -1.260689 0.567964 -0.208693 -1.366766 0.914334 -0.203093 -0.806234 -0.763434 -0.774629 0.334923 1.244081 -0.524901 0.600709 0.20187 -0.854015 -0.01518 -0.178325 0.465466 -0.059559 -0.605832 -0.216482 -0.131339 -0.494291 -0.640917 -0.201097 0.145483 0.369356 -0.130819 -0.081189
l -0.865427 -0.301326 0.456627 0.152087 -0.359742 -0.295227 -0.148765 0.277353 0.232835 0.661108 0.478596 0.496527 -1.176618 -0.513456 0.94804 -0.369488 -0.32195 -0.322455 -0.21812 0.240164 -0.152191 -0.771995 -0.447628 0.429338 0.665831 0.109911 -0.12267 0.025765 0.228088 0.141006
3 -0.58716 -0.109087 -0.149691 0.150637 0.032384 -0.0263 0.035955 -0.754701 -0.101555 0.277495 0.380934 -0.253536 0.020614 -0.442507 -0.11534 0.419814 0.312409 -0.068286 0.071224 -0.209787 0.462467 0.373327 0.124865 -0.313127 0.136477 0.231362 0.073382 -0.313673 -0.243073 -0.02371
c -0.122356 -0.183316 0.429877 -0.156981 1.197589 -0.202999 -0.206532 -0.199488 0.104137 -0.174952 0.3201 -0.121187 0.178504 -0.070426 -0.57415 -0.624805 -0.324143 -1.068422 0.387727 0.29859 0.00411 0.303646 0.140454 -0.084418 0.257896 0.90007 -0.703552 0.456488 -0.131306 0.597702
e 0.17647 -0.069926 0.437266 0.821216 0.263379 0.062887 0.236874 -0.294326 0.068805 -0.654341 0.116327 0.009995 -0.408518 0.257069 0.67992 -0.464109 0.011886 -0.744351 -0.164205 -0.514305 -0.275986 0.701382 -0.435697 0.252644 -0.266802 -0.229058 -0.412126 -0.009026 -0.150466 -0.35307
7 0.090708 0.395444 -0.54555 -0.378957 0.083721 -0.026665 0.725598 0.218338 0.456163 -0.085886 -0.183073 0.062232 0.048709 0.016626 -0.213016 0.074544 0.050592 0.335637 0.291553 -0.517994 0.178955 0.421962 0.048335 -0.208234 -0.506109 -0.285247 0.214538 0.07498 -0.184146 -0.044666
d -0.031756 -0.116996 1.344974 0.313288 -0.236709 0.056266 -0.619711 -0.11572 0.82373 0.278671 -0.044736 -0.701216 -0.754286 0.255684 0.316262 -0.467275 0.475682 -0.07481 -0.099629 -0.640224 0.554651 0.053759 0.095285 -0.105705 -0.122817 0.0298 0.000353 -0.368632 -0.275901 0.058901
2 -0.356202 -0.107623 -0.336812 0.301052 0.216895 0.199762 -0.228748 -0.488265 0.248179 0.121917 0.113848 -0.158402 -0.202738 -0.193378 -0.061523 0.211535 0.143821 -0.344151 -0.008915 -0.343612 0.265078 -0.16899 -0.151146 0.118123 0.178607 0.152446 -0.098935 -0.089911 0.232763 -0.319545
o 0.118242 0.336513 0.561956 0.374364 0.295 0.380629 -0.023915 -0.624009 -0.436968 -0.392324 -0.730385 -0.0328 -0.695623 0.578739 -0.417997 0.415685 -0.085145 -0.139414 -0.27978 0.038273 -0.074654 0.549883 -0.772522 -0.339582 -0.016012 -0.385811 0.597386 0.420179 0.255846 0.550764
m -0.123944 0.54337 0.232947 -0.686711 0.620855 -0.368448 -0.005695 1.60888 0.500354 0.765054 -0.591314 0.420165 0.09835 0.444782 1.00773 -0.201034 0.077607 -0.156354 0.509671 -0.217992 -0.669739 0.108817 0.358222 -0.229624 0.490528 -0.153516 -0.029816 0.083494 0.125715 -0.356223
f -0.188887 -1.506203 0.609582 -0.784067 -0.15539 -0.795291 1.39535 0.303488 0.123714 -0.495393 -1.093465 0.004842 -0.135934 0.156685 -0.208216 0.361886 -0.749152 0.080683 0.514847 -0.780552 0.313779 0.234043 -0.293673 0.046288 0.242313 -0.021062 0.171205 0.28822 -0.394488 0.624165
t -0.052304 -0.00743 0.681692 0.30707 -0.039403 0.150001 0.222579 -0.203602 -0.60741 -0.459189 -0.204227 0.347724 -0.213808 -0.33256 -0.163463 0.063633 0.730463 0.270108 0.541292 -0.134183 -0.15197 0.467303 0.578498 -0.044077 0.716391 0.136416 0.144388 -0.277561 0.183153 -0.207852
